200
1 0
2 0
2 1
3 1
3 2
4 0
4 1
5 0
5 1
6 0
6 2
7 1
7 2
8 0
8 5
9 0
9 2
10 1
10 2
11 0
11 9
12 0
12 9
13 1
13 9
14 0
14 1
15 1
15 9
16 0
16 1
17 0
17 1
18 1
18 12
19 5
19 15
20 2
20 12
21 0
21 6
22 0
22 7
23 0
23 9
24 0
24 1
25 0
25 1
26 0
26 1
27 0
27 1
28 1
28 7
29 1
29 6
30 0
30 2
31 0
31 1
32 1
32 2
33 0
33 1
34 0
34 1
35 1
35 9
36 0
36 9
37 0
37 2
38 1
38 6
39 0
39 7
40 0
40 1
41 0
41 33
42 2
42 6
43 0
43 15
44 0
44 1
45 0
45 2
46 0
46 2
47 1
47 2
48 2
48 12
49 1
49 7
50 0
50 2
51 0
51 1
52 0
52 15
53 0
53 2
54 1
54 23
55 1
55 12
56 0
56 2
57 5
57 12
58 0
58 52
59 0
59 1
60 0
60 1
61 0
61 1
62 0
62 7
63 0
63 12
64 1
64 6
65 0
65 1
66 0
66 1
67 0
67 6
68 1
68 62
69 0
69 12
70 0
70 23
71 0
71 42
72 0
72 2
73 1
73 8
74 27
74 68
75 6
75 54
76 0
76 1
77 1
77 38
78 0
78 1
79 1
79 65
80 0
80 2
81 0
81 70
82 0
82 67
83 1
83 38
84 23
84 36
85 1
85 15
86 0
86 7
87 1
87 2
88 1
88 65
89 1
89 15
90 0
90 9
91 35
91 68
92 0
92 1
93 0
93 15
94 0
94 2
95 0
95 35
96 12
96 36
97 33
97 83
98 1
98 2
99 1
99 81
100 1
100 89
101 1
101 36
102 1
102 100
103 12
103 36
104 0
104 1
105 15
105 74
106 1
106 15
107 1
107 33
108 0
108 65
109 0
109 101
110 6
110 35
111 0
111 1
112 1
112 15
113 7
113 65
114 0
114 7
115 0
115 61
116 2
116 65
117 0
117 79
118 9
118 12
119 0
119 2
120 1
120 101
121 15
121 116
122 1
122 66
123 2
123 6
124 1
124 65
125 8
125 15
126 6
126 33
127 6
127 101
128 0
128 9
129 7
129 9
130 16
130 17
131 1
131 6
132 7
132 9
133 35
133 77
134 0
134 65
135 16
135 22
136 65
136 68
137 0
137 79
138 0
138 12
139 1
139 117
140 1
140 54
141 43
141 68
142 0
142 1
143 12
143 61
144 15
144 82
145 0
145 2
146 1
146 36
147 12
147 15
148 1
148 2
149 5
149 63
150 7
150 74
151 0
151 27
152 0
152 1
153 0
153 1
154 1
154 81
155 1
155 2
156 2
156 15
157 5
157 135
158 0
158 1
159 15
159 43
160 0
160 1
161 1
161 11
162 1
162 6
163 1
163 70
164 0
164 35
165 1
165 37
166 1
166 63
167 0
167 89
168 0
168 77
169 12
169 86
170 83
170 93
171 9
171 82
172 0
172 12
173 9
173 83
174 1
174 6
175 0
175 1
176 0
176 9
177 0
177 62
178 0
178 10
179 1
179 38
180 1
180 15
181 0
181 74
182 1
182 15
183 0
183 56
184 2
184 159
185 6
185 12
186 2
186 54
187 2
187 181
188 1
188 15
189 1
189 78
190 2
190 38
191 1
191 6
192 6
192 15
193 0
193 2
194 57
194 176
195 0
195 1
196 12
196 68
197 1
197 103
198 12
198 36
199 0
199 6
