500
0	70	0.322
0	122	0.765
0	346	0.355
0	326	0.705
1	2	0.646
1	449	0.620
2	84	0.876
2	82	0.745
2	457	0.649
2	15	0.138
2	132	0.041
2	473	0.102
3	104	0.594
3	409	0.027
3	442	0.778
3	422	0.837
3	36	0.462
3	373	0.409
3	342	0.334
3	289	0.468
4	440	0.219
4	120	0.270
4	376	0.677
4	34	0.542
4	383	0.450
4	6	0.304
4	24	0.883
4	7	0.493
4	355	0.279
5	364	0.876
5	97	0.179
5	35	0.109
6	117	0.380
6	12	0.905
6	260	0.112
6	200	0.433
6	56	0.101
6	93	0.890
6	183	0.040
6	292	0.031
6	311	0.899
6	426	0.535
6	259	0.518
6	252	0.268
6	255	0.934
6	201	0.892
7	400	0.585
7	141	0.859
7	208	0.739
7	466	0.255
7	243	0.997
7	116	0.882
7	343	0.021
7	15	0.182
7	283	0.443
8	319	0.038
8	184	0.001
8	492	0.981
8	11	0.181
8	234	0.089
8	289	0.348
9	33	0.900
9	342	0.144
9	380	0.211
9	280	0.496
9	310	0.695
9	123	0.011
10	307	0.570
10	299	0.463
11	399	0.652
11	374	0.736
11	373	0.375
11	344	0.432
11	273	0.830
11	102	0.783
11	18	0.186
11	25	0.943
11	366	0.977
11	35	0.104
11	253	0.132
11	181	0.216
12	450	0.659
12	296	0.282
12	111	0.358
12	460	0.579
12	388	0.571
12	440	0.326
12	56	0.270
12	141	0.605
12	464	0.715
12	459	0.219
12	96	0.550
12	403	0.941
13	410	0.043
13	142	0.552
13	294	0.869
13	16	0.692
13	484	0.846
13	2	0.166
13	165	0.175
13	367	0.563
13	247	0.080
13	102	0.956
13	108	0.410
15	50	0.269
15	150	0.819
15	363	0.907
15	388	0.053
15	496	0.108
15	381	0.811
15	32	0.055
15	248	0.515
15	14	0.934
15	183	0.146
15	404	0.808
15	255	0.331
16	328	0.454
16	271	0.839
16	24	0.033
16	451	0.761
17	467	0.678
17	10	0.985
17	275	0.931
17	470	0.347
17	342	0.697
17	91	0.859
17	478	0.712
17	170	0.402
18	498	0.072
18	239	0.922
18	255	0.399
18	145	0.192
19	161	0.345
19	171	0.121
19	158	0.999
19	11	0.704
19	324	0.390
19	441	0.908
19	360	0.511
19	103	0.776
19	378	0.610
19	474	0.956
19	136	0.614
20	344	0.718
20	46	0.611
20	58	0.547
20	45	0.158
20	39	0.786
21	150	0.070
21	421	0.698
21	367	0.190
22	47	0.313
22	351	0.758
22	275	0.371
22	158	0.366
22	166	0.429
22	203	0.652
22	418	0.307
22	82	0.435
22	488	0.207
22	64	0.355
22	491	0.308
22	298	0.801
22	30	0.737
22	114	0.742
23	300	0.460
23	110	0.975
23	455	0.519
23	16	0.410
23	405	0.457
23	383	0.875
23	262	0.028
23	467	0.359
23	420	0.275
23	221	0.653
24	172	0.973
24	441	0.873
24	207	0.160
24	114	0.656
24	307	0.662
24	446	0.889
24	219	0.284
24	101	0.302
24	263	0.329
24	412	0.430
24	292	0.288
25	433	0.872
25	375	0.089
26	486	0.203
26	428	0.221
26	242	0.933
26	56	0.667
26	414	0.885
26	484	0.218
26	348	0.665
27	112	0.469
27	159	0.898
27	473	0.582
27	351	0.383
27	172	0.970
27	231	0.423
28	306	0.701
28	215	0.896
28	378	0.357
29	346	0.531
29	126	0.094
29	325	0.548
29	246	0.452
29	472	0.554
29	323	0.028
29	230	0.377
29	343	0.014
29	334	0.196
29	110	0.816
29	30	0.637
29	460	0.356
30	167	0.395
30	198	0.404
30	180	0.937
31	118	0.334
31	395	0.262
31	367	0.199
31	255	0.119
31	94	0.289
31	3	0.815
31	402	0.794
31	350	0.494
31	219	0.765
31	469	0.557
31	456	0.503
32	315	0.532
32	288	0.749
32	484	0.697
32	350	0.811
32	325	0.447
32	227	0.860
32	123	0.849
32	41	0.229
33	424	0.686
33	282	0.284
33	93	0.717
33	353	0.657
34	20	0.135
34	271	0.748
34	377	0.748
34	162	0.333
34	299	0.529
34	356	0.846
35	190	0.342
36	134	0.075
37	119	0.180
37	362	0.862
37	168	0.126
37	366	0.539
37	439	0.333
38	425	0.111
38	429	0.792
38	129	0.857
38	239	0.334
38	167	0.628
38	468	0.145
39	273	0.554
39	271	0.681
39	462	0.310
39	232	0.978
39	20	0.400
39	59	0.658
39	395	0.744
39	463	0.788
39	187	0.082
39	216	0.343
40	52	0.324
40	27	0.165
41	81	0.089
41	132	0.181
41	347	0.347
41	309	0.776
41	436	0.123
41	5	0.873
41	414	0.051
41	37	0.093
42	249	0.542
43	124	0.074
43	253	0.977
43	85	0.468
43	435	0.944
43	281	0.677
43	329	0.703
43	200	0.496
43	494	0.012
43	129	0.323
43	375	0.790
43	240	0.966
43	430	0.338
44	460	0.800
44	318	0.913
44	417	0.553
44	197	0.272
44	411	0.168
44	422	0.024
44	165	0.291
44	494	0.088
44	41	0.038
44	441	0.162
45	244	0.439
45	313	0.501
45	147	0.740
45	473	0.684
45	441	0.398
45	461	0.211
45	130	0.091
45	392	0.744
45	412	0.323
45	98	0.764
45	413	0.914
46	267	0.208
46	254	0.856
46	261	0.751
46	421	0.450
46	289	0.161
46	355	0.535
46	36	0.174
46	180	0.230
46	300	0.753
46	120	0.206
46	333	0.380
47	300	0.185
47	93	0.728
47	357	0.897
47	112	0.047
48	257	0.689
48	361	0.275
48	469	0.348
48	78	0.470
48	479	0.712
48	278	0.135
48	341	0.719
48	367	0.995
48	168	0.840
48	297	0.594
48	84	0.540
49	24	0.959
49	491	0.281
49	395	0.038
49	353	0.479
49	308	0.742
49	370	0.626
50	495	0.345
50	268	0.075
50	15	0.037
50	11	0.938
50	203	0.143
50	10	0.093
50	455	0.398
50	266	0.553
50	312	0.478
50	227	0.166
50	58	0.487
50	32	0.534
50	285	0.566
50	405	0.790
51	373	0.035
51	213	0.696
51	68	0.445
51	299	0.227
51	141	0.471
51	468	0.432
51	176	0.129
51	10	0.745
51	162	0.648
51	29	0.616
51	492	0.908
51	115	0.600
51	457	0.686
52	301	0.058
52	416	0.478
52	215	0.645
52	364	0.256
52	4	0.475
52	413	0.067
53	294	0.627
53	363	0.300
53	171	0.203
53	278	0.210
53	390	0.238
53	225	0.690
53	498	0.612
53	486	0.387
54	382	0.964
54	17	0.970
54	210	0.082
54	392	0.657
54	379	0.039
54	349	0.362
54	408	0.033
54	137	0.139
54	346	0.003
54	301	0.398
54	69	0.918
54	113	0.547
54	120	0.232
55	56	0.207
55	22	0.917
55	441	0.677
55	112	0.879
55	222	0.681
55	491	0.370
55	137	0.997
55	467	0.491
55	90	0.702
55	336	0.171
55	221	0.711
55	151	0.914
55	270	0.351
56	315	0.415
57	215	0.351
57	339	0.734
58	293	0.540
58	398	0.826
58	29	0.347
58	287	0.161
58	244	0.938
58	165	0.429
58	43	0.129
58	64	0.594
58	448	0.185
58	6	0.994
58	117	0.801
59	341	0.127
59	377	0.439
59	425	0.163
59	97	0.929
59	229	0.631
59	226	0.628
59	30	0.151
59	211	0.540
59	198	0.267
59	375	0.773
59	260	0.646
59	277	0.093
60	278	0.934
60	301	0.223
61	131	0.869
61	295	0.313
61	89	0.504
61	60	0.699
61	92	0.338
62	112	0.987
62	421	0.333
62	193	0.081
62	186	0.554
62	146	0.583
62	77	0.611
62	361	0.968
62	325	0.330
62	102	0.214
62	68	0.297
62	135	0.841
62	390	0.941
64	304	0.225
64	160	0.680
64	475	0.218
64	393	0.923
64	436	0.272
64	296	0.805
64	84	0.568
65	54	0.148
65	253	0.613
65	416	0.379
65	402	0.625
65	40	0.009
65	84	0.535
65	374	0.011
65	61	0.226
65	177	0.995
65	448	0.361
65	441	0.758
65	137	0.855
65	122	0.827
65	476	0.831
66	322	0.312
66	257	0.332
66	446	0.371
66	220	0.305
66	336	0.455
66	77	1.000
66	473	0.246
66	172	0.322
66	306	0.921
66	461	0.129
66	91	0.628
66	68	0.018
67	400	0.266
67	184	0.112
67	360	0.720
67	289	0.419
67	157	0.716
67	319	0.925
67	168	0.784
67	344	0.351
67	14	0.480
67	359	0.254
67	410	0.614
68	76	0.855
68	106	0.133
68	261	0.919
68	108	0.397
69	469	0.568
69	324	0.308
69	124	0.014
69	485	0.541
69	370	0.389
69	48	0.370
69	198	0.575
69	73	0.484
69	455	0.679
69	187	0.314
69	389	0.142
69	152	0.859
69	391	0.678
71	463	0.768
71	134	0.574
71	344	0.099
71	141	0.862
71	212	0.157
71	302	0.497
71	7	0.367
71	266	0.229
71	326	0.494
71	77	0.510
71	430	0.330
72	35	0.695
72	12	0.753
72	484	0.726
72	185	0.516
72	58	0.885
72	396	0.999
72	428	0.393
72	287	0.101
73	58	0.096
73	127	0.354
73	366	0.761
73	44	0.034
73	101	0.493
73	385	0.965
73	220	0.325
73	98	0.587
73	251	0.665
73	45	0.681
73	130	0.298
74	87	0.350
74	3	0.825
74	386	0.100
74	271	0.950
74	134	0.033
74	45	0.104
74	341	0.033
74	205	0.790
74	136	0.872
75	27	0.613
75	194	0.076
75	430	0.746
75	208	0.763
76	11	0.093
76	177	0.288
76	346	0.927
76	68	0.022
76	88	0.560
76	432	0.210
76	180	0.134
77	227	0.684
77	244	0.719
77	348	0.529
77	71	0.396
77	430	0.224
77	88	0.311
77	130	0.940
77	346	0.963
78	455	0.433
78	342	0.950
78	350	0.583
78	457	0.750
79	248	0.167
79	142	0.619
79	136	0.277
79	331	0.501
79	344	0.240
79	245	0.780
79	13	0.276
79	409	0.834
79	328	0.845
79	395	0.869
79	45	0.966
80	126	0.435
80	292	0.734
80	4	0.727
80	343	0.575
81	368	0.533
81	406	0.139
81	88	0.702
81	377	0.642
81	69	0.586
81	416	0.191
81	402	0.591
81	137	0.329
81	48	0.608
81	400	0.605
81	16	0.228
81	109	0.248
81	485	0.771
82	464	0.808
82	221	0.765
82	113	0.470
82	425	0.589
83	348	0.663
83	8	0.410
83	108	0.388
83	471	0.740
83	447	0.168
83	135	0.790
83	165	0.963
83	466	0.781
84	366	0.064
84	315	0.224
84	3	0.652
84	264	0.177
84	396	0.649
84	81	0.036
84	441	0.147
84	421	0.346
84	214	0.730
84	103	0.362
85	247	0.922
85	349	0.757
85	295	0.601
86	199	0.315
86	54	0.099
86	294	0.967
86	303	0.501
87	332	0.971
87	281	0.388
87	144	0.650
87	21	0.576
87	290	0.645
87	34	0.910
87	68	0.082
87	256	0.490
87	373	0.713
88	34	0.055
88	408	0.492
88	233	0.024
88	74	0.621
88	440	0.046
88	10	0.288
88	107	0.831
88	48	0.780
88	284	0.400
88	114	0.744
89	310	0.484
89	138	0.141
89	344	0.537
89	390	0.300
89	467	0.774
89	393	0.055
89	32	0.777
89	289	0.982
89	388	0.339
89	271	0.769
90	397	0.563
90	381	0.284
90	125	0.701
91	259	0.252
91	325	0.347
91	477	0.502
91	59	0.994
92	288	0.400
92	297	0.905
92	454	0.865
92	225	0.397
92	484	0.013
92	227	0.881
92	124	0.007
92	416	0.233
93	176	0.766
93	28	0.376
93	233	0.246
93	209	0.372
93	206	0.625
93	407	0.338
93	8	0.157
93	86	0.011
93	448	0.286
95	342	0.555
95	121	0.142
95	428	0.795
95	219	0.120
95	79	0.676
95	90	0.753
95	274	0.815
95	299	0.334
95	479	0.354
95	393	0.279
95	469	0.350
95	394	0.269
96	179	0.595
96	1	0.534
96	163	0.221
96	421	0.930
96	136	0.508
96	338	0.456
96	121	0.796
97	274	0.769
97	473	0.470
97	478	0.326
97	265	0.498
97	252	0.340
97	66	0.691
97	383	0.927
97	449	0.610
97	467	0.839
98	439	0.993
98	50	0.565
98	296	0.570
98	198	0.354
98	95	0.446
99	119	0.865
99	393	0.554
99	72	0.211
99	306	0.551
99	330	0.581
99	427	0.690
99	484	0.596
99	342	0.104
99	468	0.358
100	38	0.141
100	85	0.308
100	21	0.713
100	495	0.439
100	71	0.992
100	204	0.988
101	475	0.708
101	225	0.787
101	103	0.400
101	172	0.831
101	127	0.720
101	197	0.800
101	108	0.734
101	303	0.040
103	315	0.757
104	461	0.048
104	261	0.892
104	89	0.086
104	471	0.728
104	138	0.277
104	250	0.206
104	117	0.227
105	370	0.341
105	288	0.101
106	404	0.606
106	194	0.886
106	171	0.693
106	311	0.452
106	47	0.061
106	1	0.681
106	123	0.756
106	490	0.016
107	429	0.470
107	126	0.322
107	140	0.517
107	410	0.552
107	163	0.055
107	66	0.397
107	195	0.644
108	39	0.788
108	82	0.990
108	74	0.719
108	16	0.742
108	398	0.833
108	420	0.179
108	56	0.633
109	39	0.432
109	124	0.936
109	97	0.273
109	370	0.379
110	397	0.133
110	413	0.411
110	207	0.837
110	49	0.719
110	470	0.022
110	362	0.714
110	298	0.703
110	282	0.983
110	186	0.052
110	465	0.893
110	205	0.467
110	213	0.789
110	290	0.480
111	450	0.919
111	210	0.135
111	290	0.411
111	52	0.970
111	172	0.405
111	245	0.709
111	1	0.055
111	193	0.724
111	417	0.350
112	348	0.400
112	330	0.317
112	269	0.023
112	127	0.824
112	142	0.452
112	427	0.351
112	246	0.228
112	298	0.767
112	316	0.668
112	465	0.806
112	405	0.464
113	418	0.521
113	336	0.422
113	144	0.389
113	9	0.301
114	91	0.307
114	253	0.753
114	8	0.520
114	240	0.864
114	59	0.690
114	162	0.081
115	353	0.813
115	64	0.511
116	465	0.315
116	191	0.954
116	237	0.709
116	380	0.218
116	424	0.671
116	296	0.163
116	124	0.710
117	76	0.800
117	484	0.798
117	329	0.108
117	313	0.965
117	103	0.872
117	44	0.677
117	9	0.873
117	74	0.255
118	357	0.236
118	104	0.930
118	63	0.426
119	59	0.534
119	81	0.012
119	258	0.819
119	274	0.115
119	446	0.958
119	304	0.256
119	374	0.205
120	465	0.663
120	28	0.603
121	424	0.089
121	127	0.402
121	157	0.078
121	206	0.101
122	254	0.219
122	29	0.891
122	351	0.257
122	489	0.489
122	155	0.786
122	192	0.955
122	426	0.088
122	484	0.792
122	143	0.902
122	306	0.164
122	191	0.044
122	260	0.012
123	42	0.179
123	289	0.163
123	197	0.900
123	162	0.973
123	474	0.840
123	236	0.406
123	30	0.260
123	449	0.248
123	278	0.660
123	330	0.245
123	24	0.193
123	132	0.313
124	196	0.626
124	439	0.368
124	429	0.826
124	6	0.419
124	482	0.944
124	426	0.282
124	39	0.652
124	4	0.867
124	31	0.804
125	476	0.979
125	479	0.746
125	417	0.073
125	305	0.808
126	41	0.927
126	190	0.270
126	418	0.974
126	224	0.356
126	464	0.717
126	305	0.373
126	488	0.567
126	218	0.832
126	300	0.885
126	276	0.617
126	395	0.664
126	154	0.495
127	265	0.139
127	121	0.921
127	168	0.415
127	92	0.185
127	433	0.654
127	108	0.320
127	304	0.449
127	72	0.466
127	45	0.387
127	421	0.234
127	36	0.501
127	398	0.027
128	270	0.488
128	95	0.750
128	218	0.599
128	132	0.591
128	424	0.120
128	119	0.188
128	330	0.272
128	81	0.808
128	272	0.642
128	464	0.109
129	8	0.333
129	221	0.652
129	99	0.748
129	39	0.091
129	266	0.869
129	115	0.726
129	462	0.044
129	6	0.643
130	312	0.992
130	255	0.848
130	314	0.490
130	319	0.856
130	389	0.655
130	79	0.896
130	291	0.193
130	218	0.803
130	361	0.957
130	109	0.976
130	481	0.111
130	419	0.196
130	177	0.730
131	256	0.240
131	423	0.569
131	297	0.440
131	169	0.408
132	463	0.977
132	398	0.125
132	150	0.965
132	416	0.439
133	167	0.110
133	475	0.089
133	147	0.524
133	440	0.977
133	33	0.496
133	8	0.360
133	405	0.153
133	444	0.846
133	465	0.610
133	367	0.757
133	102	0.555
133	99	0.109
133	384	0.109
133	338	0.745
134	257	0.177
134	72	0.646
134	120	0.084
134	160	0.862
134	46	0.044
134	261	0.459
134	388	0.949
135	476	0.169
135	82	0.518
136	110	0.262
136	131	0.133
136	20	0.905
136	402	0.235
136	90	0.055
136	383	0.710
136	292	0.324
136	325	0.094
136	490	0.122
136	454	0.098
136	340	0.232
136	75	0.752
136	462	0.595
136	119	0.808
137	181	0.298
137	167	0.769
137	366	0.553
137	445	0.905
137	349	0.949
137	334	0.313
137	297	0.225
137	397	0.314
137	110	0.990
137	114	0.205
137	240	0.835
137	432	0.032
137	285	0.237
137	12	0.312
138	148	0.906
138	380	0.443
138	444	0.547
138	149	0.169
139	274	0.698
139	342	0.572
139	16	0.240
139	75	0.924
139	179	0.650
139	198	0.283
139	354	0.421
139	299	0.809
139	450	0.338
139	273	0.782
139	400	0.651
139	333	0.970
139	103	0.888
140	114	0.394
140	366	0.145
140	379	0.373
140	369	0.049
140	60	0.492
140	465	0.327
140	105	0.224
140	227	0.515
140	418	0.846
140	284	0.811
140	257	0.263
140	93	0.282
140	157	0.389
141	184	0.368
141	180	0.770
142	352	0.350
142	143	0.280
142	331	0.884
142	343	0.975
142	499	0.400
142	162	0.767
142	81	0.240
142	198	0.087
142	493	0.382
142	29	0.452
143	8	0.767
143	24	0.052
144	313	0.941
144	446	0.206
144	288	0.853
144	310	0.936
144	70	0.969
144	163	0.180
144	183	0.775
145	257	0.312
145	359	0.022
145	211	0.089
145	212	0.187
145	264	0.072
146	474	0.184
146	155	0.050
146	145	0.031
147	13	0.295
147	264	0.958
147	419	0.916
147	189	0.359
147	191	0.026
147	250	0.848
147	144	0.002
147	236	0.967
147	413	0.873
148	236	0.852
148	173	0.257
148	47	0.831
148	316	0.927
148	399	0.428
149	146	0.671
150	491	0.068
150	28	0.440
150	61	0.523
150	26	0.697
150	107	0.048
150	381	0.534
150	465	0.518
150	12	0.191
150	294	0.698
150	229	0.158
150	214	0.826
150	361	0.796
151	1	0.914
151	271	0.069
151	114	0.847
152	292	0.767
152	387	0.865
152	294	0.993
152	404	0.588
152	202	0.051
152	443	0.595
152	300	0.467
152	310	0.661
152	2	0.305
153	154	0.286
153	288	0.695
153	311	0.661
153	220	0.233
153	246	0.769
153	37	0.876
153	447	0.755
153	140	0.276
153	39	0.945
153	301	0.349
153	485	0.279
153	40	0.964
154	416	0.941
154	131	0.396
154	180	0.117
154	146	0.410
154	375	0.965
154	99	0.140
154	359	0.502
154	340	0.880
154	422	0.201
154	419	0.509
154	119	0.732
154	381	0.372
155	10	0.456
155	493	0.073
155	314	0.779
155	487	0.823
155	416	0.068
155	329	0.982
155	331	0.044
155	450	0.976
155	422	0.404
155	55	0.790
155	427	0.235
155	417	0.826
156	5	0.932
156	87	0.712
156	238	0.205
157	336	0.138
157	121	0.190
157	454	0.483
157	186	0.411
157	18	0.244
157	438	0.214
157	331	0.225
157	13	0.033
157	3	0.263
157	54	0.235
157	14	0.867
157	142	0.996
158	482	0.078
158	330	0.539
158	483	0.283
158	299	0.911
159	151	0.075
160	86	0.284
160	306	0.416
160	410	0.933
160	304	0.910
160	451	0.543
160	371	0.969
160	275	0.625
160	431	0.101
160	375	0.476
160	377	0.930
160	95	0.562
160	380	0.604
160	447	0.684
161	81	0.426
161	169	0.835
161	355	0.324
161	201	0.030
161	313	0.724
161	177	0.397
162	332	0.771
162	1	0.163
162	215	0.678
163	354	0.744
163	499	0.032
163	198	0.025
163	283	0.912
163	169	0.493
163	398	0.896
163	340	0.554
163	61	0.421
163	402	0.801
163	368	0.608
164	481	0.970
164	350	0.629
164	143	0.969
164	215	0.654
164	99	0.872
164	456	0.911
164	265	0.811
164	305	0.976
165	249	0.519
165	357	0.526
165	11	0.914
165	105	0.555
166	1	0.325
166	181	0.829
166	134	0.910
166	113	0.228
166	303	0.834
166	217	0.967
166	75	0.039
166	182	0.077
166	144	0.830
166	331	0.329
166	237	0.502
167	439	0.350
167	69	0.522
167	495	0.138
168	353	0.508
168	228	0.892
168	444	0.686
169	197	0.262
169	172	0.997
169	188	0.974
169	4	0.433
169	414	0.236
169	430	0.973
169	217	0.861
169	459	0.672
170	335	0.732
170	463	0.383
170	211	0.338
170	352	0.516
170	219	0.927
170	273	0.692
171	441	0.390
171	419	0.534
171	209	0.969
171	461	0.570
171	22	0.950
171	164	0.362
171	235	0.930
171	323	0.522
171	184	0.175
171	122	0.223
172	136	0.353
172	85	0.418
172	447	0.539
172	164	0.003
172	242	0.555
172	324	0.589
172	33	0.562
172	14	0.109
172	113	0.622
172	446	0.082
173	94	0.149
174	38	0.039
174	365	0.553
174	487	0.716
174	273	0.084
174	463	0.101
174	264	0.276
174	17	0.161
174	162	0.893
174	376	0.280
174	186	0.850
174	231	0.819
174	154	0.569
174	351	0.744
175	378	0.360
176	360	0.807
176	363	0.779
176	266	0.319
177	300	0.148
177	470	0.186
177	43	0.179
177	429	0.669
177	144	0.250
177	385	0.167
177	104	0.580
178	134	0.540
178	403	0.638
179	283	0.430
179	96	0.441
179	130	0.032
179	333	0.282
179	420	0.462
179	328	0.873
179	103	0.278
180	311	0.691
180	22	0.487
180	481	0.496
180	269	0.956
180	101	0.057
181	3	0.157
181	155	0.386
181	135	0.724
181	258	0.392
181	40	0.955
181	425	0.239
181	429	0.178
181	223	0.297
182	217	0.954
183	385	0.831
183	489	0.882
184	185	0.940
184	109	0.275
184	276	0.980
184	114	0.373
184	130	0.599
184	67	0.222
184	230	0.549
184	368	0.028
185	193	0.306
185	499	0.070
185	384	0.095
185	175	0.174
185	115	0.162
185	118	0.434
185	355	0.102
185	266	0.536
185	267	0.161
185	345	0.949
185	452	0.350
185	446	0.243
186	490	0.806
186	396	0.039
186	69	0.079
186	56	0.877
186	59	0.284
186	442	0.455
187	203	0.507
187	491	0.981
187	171	0.608
187	432	0.128
188	182	0.557
188	87	0.230
188	53	0.853
188	417	0.522
188	89	0.211
188	480	0.049
188	220	0.374
189	26	0.125
189	191	0.158
189	249	0.967
189	20	0.830
189	154	0.681
189	34	0.206
189	126	0.861
189	202	0.796
189	467	0.360
189	334	0.826
189	327	0.024
189	135	0.411
189	498	0.420
190	463	0.735
190	436	0.284
190	46	0.005
190	332	0.409
190	358	0.701
190	372	0.351
190	417	0.770
190	345	0.043
190	80	0.408
191	310	0.441
191	72	0.211
191	405	0.243
191	239	0.346
191	36	0.225
191	8	0.296
191	269	0.683
191	26	0.063
191	488	0.480
191	59	0.663
191	156	0.051
191	181	0.198
191	369	0.276
192	186	0.089
192	220	0.599
192	191	0.898
192	189	0.638
192	269	0.595
192	75	0.760
192	165	0.314
193	431	0.925
193	57	0.009
193	230	0.201
193	396	0.055
193	45	0.536
194	159	0.899
195	342	0.389
195	151	0.564
195	308	0.555
195	210	0.510
195	101	0.555
195	230	0.313
195	207	0.266
195	217	0.383
196	217	0.357
196	476	0.596
196	420	0.568
196	294	0.908
196	25	0.917
196	112	0.449
196	39	0.345
196	127	0.312
197	417	0.460
197	99	0.727
197	389	0.479
197	206	0.013
197	286	0.520
197	95	0.425
197	315	0.877
197	438	0.622
197	50	0.526
197	62	0.709
197	131	0.778
198	499	0.933
198	246	0.265
198	17	0.313
198	438	0.166
199	145	0.224
199	371	0.963
199	319	0.282
199	444	0.608
199	252	0.088
199	174	0.951
199	118	0.234
199	270	0.429
199	472	0.535
199	239	0.421
199	45	0.951
200	34	0.095
200	234	0.101
200	19	0.174
200	180	0.225
200	84	0.586
200	418	0.914
200	178	0.040
200	353	0.329
200	486	0.275
200	22	0.074
200	140	0.721
200	123	0.363
200	53	0.705
200	42	0.136
201	446	0.566
201	101	0.657
201	261	0.444
201	60	0.328
201	253	0.199
201	88	0.075
201	342	0.211
201	411	0.650
201	169	0.602
201	415	0.730
201	273	0.951
201	392	0.832
201	96	0.656
201	377	0.147
201	72	0.230
202	426	0.677
202	120	0.770
202	117	0.278
202	453	0.189
202	16	0.784
202	292	0.939
202	31	0.206
202	271	0.940
203	362	0.390
204	483	0.043
204	276	0.889
204	65	0.727
204	484	0.833
205	97	0.958
206	119	0.749
206	446	0.337
206	216	0.407
206	423	0.244
206	458	0.321
206	432	0.425
206	294	0.261
206	140	0.252
206	484	0.829
206	353	0.945
206	101	0.717
207	89	0.926
207	273	0.815
207	206	0.428
207	210	0.174
207	456	0.096
207	62	0.968
207	190	0.222
207	146	0.902
207	187	0.466
207	119	0.568
207	318	0.563
208	416	0.820
208	215	0.025
208	286	0.063
209	292	0.964
210	370	0.918
211	46	0.782
211	205	0.489
211	47	0.014
211	432	0.516
211	151	0.840
211	56	0.330
211	342	0.039
211	354	0.594
211	318	0.770
211	494	0.225
212	157	0.698
212	196	0.079
212	291	0.007
212	397	0.901
212	269	0.359
212	1	0.845
212	267	0.102
212	104	0.630
212	494	0.248
212	168	0.359
213	25	0.353
213	247	0.029
213	142	0.536
213	298	0.084
213	136	0.660
213	476	0.170
213	344	0.306
213	287	0.728
213	97	0.965
213	406	0.414
213	360	0.221
213	262	0.019
213	29	0.438
213	412	0.763
214	364	0.940
214	10	0.825
214	290	0.533
216	49	0.736
216	45	0.026
216	324	0.727
216	301	0.667
216	227	0.656
216	307	0.451
216	382	0.501
216	453	0.753
217	140	0.826
217	95	0.023
217	316	0.720
217	481	0.002
217	329	0.237
217	420	0.951
217	375	0.231
217	33	0.904
217	384	0.647
218	256	0.440
218	284	0.981
218	233	0.351
218	276	0.531
218	51	0.170
218	237	0.936
218	241	0.073
218	200	0.251
218	209	0.457
218	183	0.561
218	424	0.110
218	293	0.536
218	213	0.976
219	213	0.426
219	268	0.309
219	239	0.885
219	309	0.555
220	198	0.119
220	370	0.737
220	63	0.745
220	34	0.052
220	227	0.384
220	44	0.851
220	25	0.096
220	311	0.823
220	204	0.073
220	242	0.795
220	269	0.124
220	332	0.506
220	15	0.346
221	467	0.757
221	364	0.323
221	414	0.227
221	172	0.038
221	17	0.620
221	350	0.803
221	435	0.987
221	75	0.535
221	150	0.809
221	358	0.938
221	442	0.098
221	266	0.358
222	488	0.003
222	155	0.375
222	121	0.957
222	107	0.742
223	310	0.322
223	474	0.876
223	92	0.025
223	47	0.633
223	324	0.167
223	245	0.667
223	309	0.836
223	131	0.646
223	438	0.320
223	15	0.125
224	287	0.087
224	382	0.128
224	303	0.498
224	437	0.761
224	309	0.079
224	402	0.018
224	318	0.470
224	97	0.043
224	308	0.460
224	199	0.108
224	336	0.224
224	352	0.333
224	108	0.388
224	40	0.782
225	349	0.282
225	155	0.648
225	297	0.128
226	411	0.176
226	295	0.415
226	157	0.891
226	94	0.988
226	78	0.779
227	44	0.846
227	118	0.883
227	37	0.935
227	54	0.614
227	128	0.250
227	173	0.898
227	141	0.485
227	308	0.928
227	462	0.136
227	11	0.311
227	421	0.204
227	258	0.805
227	32	0.142
228	59	0.243
228	404	0.355
228	29	0.149
228	11	0.805
228	109	0.507
228	214	0.541
228	55	0.017
228	27	0.175
228	167	0.348
229	473	0.938
229	348	0.272
229	305	0.688
229	105	0.814
229	299	0.023
229	334	0.119
230	156	0.793
230	415	0.755
230	195	0.902
230	190	0.795
230	351	0.520
230	366	0.354
230	357	0.982
230	320	0.470
230	140	0.913
230	495	0.288
230	35	0.084
230	39	0.084
230	312	0.180
231	290	0.191
231	255	0.985
231	364	0.385
231	265	0.902
231	316	0.560
231	149	0.836
231	285	0.962
231	368	0.451
231	211	0.975
231	272	0.885
232	85	0.216
232	438	0.767
232	234	0.398
232	233	0.491
232	226	0.221
232	97	0.986
232	368	0.882
232	241	0.238
232	189	0.899
232	243	0.624
232	236	0.972
232	383	0.659
233	492	0.055
233	120	0.611
233	146	0.399
233	301	0.662
233	98	0.104
234	289	0.435
234	248	0.533
234	186	0.911
234	20	0.026
234	202	0.721
234	358	0.287
234	340	0.143
234	279	0.755
234	365	0.810
234	71	0.448
234	467	0.367
234	307	0.337
235	314	0.526
235	308	0.807
235	309	0.220
235	324	0.155
235	448	0.127
235	274	0.007
235	146	0.565
235	394	0.174
235	232	0.027
235	375	0.292
235	359	0.087
235	412	0.820
236	78	0.552
236	411	0.853
236	170	0.263
237	208	0.539
237	459	0.164
237	329	0.780
237	42	0.240
237	440	0.459
238	239	0.026
238	414	0.556
238	33	0.148
238	289	0.899
238	369	0.278
238	419	0.146
238	268	0.630
238	107	0.510
239	319	0.812
239	124	0.592
239	280	0.273
239	166	0.789
239	106	0.987
239	285	0.780
239	482	0.579
239	68	0.037
239	156	0.658
239	148	0.125
239	300	0.429
239	420	0.247
239	424	0.698
240	119	0.776
242	420	0.692
242	27	0.771
242	121	0.974
242	255	0.127
242	171	0.626
242	25	0.053
242	487	0.780
242	74	0.966
242	243	0.794
243	114	0.178
243	321	0.939
243	344	0.836
243	113	0.733
243	389	0.007
243	38	0.911
243	110	0.714
243	349	0.526
244	16	0.442
244	446	0.101
244	159	0.360
244	162	0.409
244	460	0.012
244	134	1.000
244	422	0.499
244	55	0.434
244	133	0.352
244	256	0.369
244	347	0.074
244	377	0.259
244	141	0.208
244	253	0.233
244	64	0.851
245	35	0.282
245	208	0.912
245	224	0.902
245	134	0.664
245	138	0.193
245	290	0.120
246	378	0.407
246	41	0.004
246	270	0.472
246	274	0.924
246	413	0.650
246	381	0.270
246	305	0.429
246	149	0.555
246	145	0.932
246	154	0.512
246	374	0.217
246	228	0.320
246	438	0.650
246	333	0.401
246	3	0.102
247	354	0.014
247	319	0.107
247	53	0.587
247	57	0.849
247	284	0.746
247	398	0.736
247	225	0.798
247	378	0.834
249	116	0.191
249	308	0.480
249	312	0.574
249	56	0.843
249	27	0.382
249	174	0.091
249	348	0.058
249	103	0.421
249	77	0.459
249	399	0.938
249	134	0.946
250	448	0.605
250	190	0.479
251	391	0.855
251	42	0.474
251	267	0.726
252	466	0.026
252	215	0.568
252	124	0.591
252	332	0.249
252	315	0.444
252	364	0.012
252	325	0.358
252	100	0.084
252	414	0.564
252	346	0.903
252	151	0.329
252	54	0.436
252	219	0.751
252	351	0.051
253	164	0.201
253	19	0.368
253	398	0.518
253	52	0.676
253	229	0.800
253	396	0.460
253	41	0.100
253	441	0.337
253	477	0.604
254	99	0.283
254	43	0.330
254	245	0.566
255	217	0.922
255	439	0.954
255	75	0.936
255	157	0.542
256	234	0.944
256	58	0.417
256	190	0.750
256	178	0.483
257	479	0.503
257	347	0.432
257	30	0.827
257	142	0.949
257	312	0.363
257	254	0.641
257	331	0.730
257	244	0.209
258	162	0.173
258	471	0.114
258	311	0.092
258	113	0.987
258	497	0.311
258	37	0.489
258	157	0.124
258	239	0.225
258	286	0.591
258	397	0.559
258	423	0.977
258	220	0.220
258	158	0.505
258	1	0.395
259	317	0.178
259	41	0.816
259	108	0.067
259	132	0.816
259	238	0.068
259	50	0.373
260	480	0.928
260	206	0.577
260	409	0.296
260	8	0.388
260	24	0.698
260	314	0.685
260	130	0.884
260	448	0.108
260	280	0.878
260	245	0.307
260	311	0.909
260	49	0.725
261	223	0.789
261	281	0.237
262	67	0.427
262	14	0.092
262	389	0.753
262	438	0.542
262	319	0.225
262	336	0.959
262	279	0.790
262	108	0.641
264	467	0.744
264	265	0.953
264	37	0.797
264	85	0.762
264	67	0.969
264	281	0.612
264	210	0.091
264	136	0.895
264	287	0.570
264	390	0.859
264	187	0.243
264	301	0.473
265	77	0.116
265	114	0.601
265	491	0.709
265	456	0.551
265	275	0.988
266	429	0.480
266	122	0.542
266	51	0.489
266	403	0.186
266	319	0.324
266	305	0.867
266	2	0.561
266	77	0.898
266	41	0.790
266	479	0.882
266	296	0.793
266	401	0.299
266	342	0.378
266	161	0.221
267	231	0.961
268	214	0.867
268	451	0.205
268	219	0.009
268	200	0.585
268	178	0.371
268	376	0.077
268	429	0.168
269	383	0.131
269	207	0.990
269	265	0.674
269	160	0.725
269	240	0.038
269	122	0.530
270	78	0.169
270	284	0.914
270	60	0.482
270	423	0.327
270	48	0.226
270	267	0.886
270	245	0.295
270	333	0.100
270	471	0.180
270	242	0.385
270	237	0.349
270	385	0.076
270	376	0.994
270	482	0.749
271	327	0.704
271	266	0.004
271	99	0.738
271	477	0.984
271	361	0.796
271	236	0.374
271	109	0.113
271	497	0.675
271	139	0.777
271	337	0.625
271	490	0.523
271	119	0.091
271	270	0.230
272	226	0.765
272	122	0.039
272	318	0.870
272	32	0.479
273	334	0.761
273	175	0.667
273	73	0.080
273	120	0.682
273	470	0.805
273	264	0.905
273	194	0.195
273	220	0.008
273	27	0.089
273	127	0.433
273	57	0.701
273	496	0.553
273	489	0.228
273	439	0.500
273	442	0.145
274	290	0.977
274	213	0.096
274	402	0.533
274	34	0.861
274	411	0.617
274	453	0.416
274	245	0.414
274	87	0.897
274	164	0.885
274	130	0.206
274	203	0.202
274	371	0.039
275	309	0.221
275	129	0.366
275	24	0.397
275	6	0.083
275	328	0.506
275	73	0.463
275	77	0.556
275	198	0.564
276	374	0.842
276	336	0.034
276	59	0.824
276	439	0.678
276	335	0.344
276	149	0.065
277	262	0.562
277	84	0.007
277	144	0.004
277	37	0.378
278	467	0.691
278	411	0.808
278	229	0.060
278	283	0.485
278	296	0.132
278	131	0.094
278	434	0.294
278	75	0.917
278	58	0.914
278	427	0.427
278	464	0.421
278	74	0.771
279	73	0.887
279	327	0.911
279	150	0.734
280	194	0.930
280	272	0.345
280	494	0.676
280	12	0.970
280	332	0.455
280	375	0.126
281	470	0.794
281	416	0.768
281	422	0.936
281	462	0.159
281	298	0.909
281	320	0.425
281	453	0.190
281	57	0.644
281	78	0.614
281	346	0.244
281	107	0.494
281	397	0.778
281	289	0.962
281	442	0.149
281	105	0.004
282	194	0.517
282	496	0.486
282	101	0.243
282	289	0.470
282	338	0.930
282	239	0.145
282	488	0.707
282	9	0.280
282	203	0.879
282	166	0.704
283	372	0.718
283	28	0.477
283	266	0.998
283	343	0.838
283	73	0.690
283	385	0.076
283	348	0.405
283	293	0.044
283	194	0.172
283	275	0.003
283	211	0.338
283	152	0.521
283	5	0.263
284	440	0.480
284	139	0.360
284	147	0.701
284	154	0.204
284	150	0.755
284	31	0.730
284	497	0.835
284	490	0.124
284	86	0.884
285	218	0.028
285	167	0.274
285	237	0.774
285	324	0.862
285	122	0.463
285	27	0.849
285	345	0.305
285	480	0.077
285	37	0.997
285	60	0.466
285	34	0.933
285	228	0.372
285	3	0.656
285	437	0.436
286	310	0.044
286	271	0.982
286	62	0.382
286	153	0.553
287	450	0.913
287	284	0.858
287	326	0.246
287	366	0.816
288	499	0.393
288	170	0.015
288	409	0.060
288	331	0.618
288	324	0.123
288	91	0.311
288	62	0.564
288	73	0.803
288	114	0.092
288	451	0.846
288	248	0.563
288	54	0.597
289	471	0.576
289	128	0.223
289	173	0.024
289	281	0.627
289	449	0.717
289	373	0.989
289	123	0.786
289	4	0.599
289	265	0.064
289	165	0.013
290	227	0.783
290	185	0.113
290	68	0.041
290	33	0.444
290	213	0.934
290	418	0.973
290	367	0.269
290	425	0.546
290	424	0.075
291	200	0.754
291	324	0.411
291	337	0.251
291	238	0.630
291	4	0.966
291	94	0.591
291	461	0.700
291	97	0.236
291	330	0.677
291	267	0.681
291	122	0.988
292	385	0.300
292	188	0.594
292	378	0.019
292	303	0.436
292	289	0.333
292	401	0.896
292	200	0.947
292	274	0.471
292	415	0.401
292	18	0.397
292	376	0.738
292	94	0.680
293	332	0.564
293	320	0.132
293	164	0.784
293	438	0.307
293	478	0.395
293	229	0.635
293	316	0.337
293	290	0.057
293	219	0.682
293	313	0.465
293	24	0.867
293	409	0.194
294	228	0.159
294	463	0.230
294	170	0.399
294	322	0.658
294	194	0.168
294	144	0.821
294	395	0.151
294	241	0.981
294	352	0.466
295	100	0.385
295	490	0.621
295	340	0.661
295	159	0.882
295	211	0.476
295	380	0.085
295	358	0.239
295	25	0.454
295	430	0.891
295	187	0.517
295	162	0.913
295	208	0.289
295	154	0.989
295	226	0.675
295	130	0.678
296	80	0.496
296	120	0.606
296	29	0.416
296	352	0.406
296	253	0.288
296	189	0.220
296	485	0.700
296	140	0.962
296	109	0.029
296	176	0.081
296	297	0.299
296	462	0.424
296	486	0.793
296	315	0.420
297	327	0.819
297	149	0.551
297	255	0.620
297	73	0.689
297	404	0.961
297	78	0.846
297	112	0.212
297	168	0.392
297	464	0.673
297	137	0.531
297	474	0.724
297	142	0.406
297	97	0.363
297	232	0.590
298	382	0.642
298	297	0.337
298	342	0.248
298	76	0.970
298	396	0.469
298	380	0.502
298	247	0.789
298	184	0.994
298	189	0.248
298	92	0.262
298	118	0.298
298	126	0.800
298	222	0.139
299	456	0.672
299	400	0.727
299	133	0.006
299	28	0.115
299	203	0.070
299	226	0.294
299	48	0.174
299	171	0.123
299	270	0.286
299	424	0.082
299	306	0.458
299	53	0.959
299	128	0.342
300	90	0.100
300	305	0.516
300	218	0.182
300	211	0.664
300	255	0.376
300	276	0.607
300	91	0.749
300	213	0.043
300	323	0.621
300	73	0.398
300	67	0.532
300	231	0.828
300	170	0.683
300	419	0.371
301	324	0.947
301	363	0.674
301	178	0.419
301	303	0.913
301	173	0.176
301	260	0.045
301	182	0.460
301	72	0.058
301	67	0.547
301	64	0.478
301	22	0.156
301	172	0.824
302	397	0.037
303	480	0.621
303	162	0.322
303	43	0.906
303	404	0.533
303	473	0.890
303	379	0.957
303	210	0.592
303	280	0.105
303	151	0.162
303	291	0.177
303	292	0.485
303	308	0.156
303	78	0.034
303	219	0.298
304	214	0.729
304	168	0.188
304	381	0.864
304	371	0.112
304	259	0.576
304	66	0.256
305	282	0.263
305	186	0.800
305	222	0.077
305	311	0.238
305	150	0.995
305	483	0.737
305	134	0.907
305	393	0.585
305	97	0.408
305	189	0.876
305	235	0.395
305	80	0.470
306	251	0.386
306	166	0.254
306	401	0.069
306	486	0.205
306	408	0.675
306	5	0.297
306	78	0.819
306	217	0.795
307	430	0.666
309	416	0.421
309	179	0.658
309	267	0.261
309	381	0.034
309	31	0.850
309	356	0.918
309	90	0.199
309	426	0.453
309	101	0.577
309	20	0.429
309	46	0.379
309	481	0.787
310	469	0.583
310	253	0.660
310	90	0.470
310	47	0.505
310	20	0.118
310	182	0.612
311	457	0.375
311	16	0.799
311	174	0.166
311	49	0.563
311	176	0.456
311	199	0.994
311	225	0.529
311	367	0.119
311	249	0.348
311	48	0.894
311	178	0.362
311	464	0.658
312	279	0.857
312	84	0.563
312	37	0.168
312	274	0.165
312	23	0.995
312	75	0.524
312	255	0.070
312	14	0.142
312	388	0.459
312	348	0.925
312	95	0.341
312	435	0.918
312	52	0.296
313	195	0.687
313	3	0.127
313	443	0.416
314	163	0.416
314	107	0.513
314	191	0.055
314	374	0.729
314	36	0.589
314	387	0.564
314	77	0.696
314	178	0.630
315	201	0.427
315	416	0.314
315	96	0.400
315	375	0.403
315	92	0.528
315	437	0.687
315	137	0.246
316	340	0.984
316	7	0.874
316	123	0.048
316	36	0.202
316	357	0.425
316	33	0.088
316	252	0.517
316	366	0.246
316	444	0.865
316	360	0.102
316	12	0.499
316	44	0.535
317	189	0.295
317	124	0.193
317	68	0.267
318	57	0.384
318	330	0.818
318	202	0.567
318	69	0.096
318	483	0.748
318	455	0.952
318	157	0.931
318	306	0.977
318	89	0.816
318	26	0.603
318	355	0.239
319	412	0.895
319	180	0.942
319	86	0.871
320	496	0.570
320	1	0.710
320	458	0.341
320	151	0.052
320	423	0.257
320	489	0.664
320	21	0.229
320	222	0.584
320	75	0.224
320	90	0.749
320	452	0.025
320	76	0.073
320	195	0.699
321	454	0.471
321	7	0.208
321	109	0.106
321	309	0.213
321	374	0.666
322	106	0.196
322	147	0.655
322	47	0.614
322	236	0.731
322	294	0.318
322	388	0.756
324	362	0.264
324	296	0.154
325	337	0.717
325	18	0.916
325	193	0.518
326	472	0.306
326	172	0.309
326	329	0.494
326	255	0.323
326	218	0.808
326	41	0.074
326	321	0.567
326	346	0.382
327	402	0.765
327	354	0.233
327	76	0.492
327	416	0.589
327	90	0.194
327	45	0.020
327	456	0.368
327	86	0.761
328	447	0.024
328	499	0.138
328	181	0.484
329	93	0.382
329	85	0.190
329	430	0.151
329	263	0.521
329	209	0.209
329	52	0.838
329	249	0.498
329	472	0.108
329	387	0.396
329	142	0.549
329	53	0.334
329	16	0.740
330	498	0.040
330	487	0.711
330	420	0.776
330	119	0.370
330	438	0.908
330	456	0.307
330	118	0.133
330	477	0.414
330	497	0.902
330	467	0.444
330	98	0.739
330	352	0.899
330	369	0.534
331	268	0.063
331	260	0.769
331	96	0.133
331	341	0.974
331	152	0.291
331	453	0.156
331	214	0.931
331	318	0.018
331	482	0.792
331	297	0.631
331	293	0.942
331	448	0.449
331	43	0.105
331	42	0.263
332	50	0.554
332	477	0.270
332	287	0.450
332	223	0.438
332	51	0.361
332	328	0.990
332	482	0.016
332	338	0.578
332	327	0.783
332	294	0.314
332	80	0.946
332	262	0.168
332	317	0.651
332	313	0.342
333	453	0.580
333	184	0.713
333	110	0.189
333	265	0.832
333	149	0.346
333	124	0.239
333	366	0.370
333	150	0.883
333	367	0.309
333	36	0.447
333	407	0.330
333	281	0.370
333	371	0.683
333	269	0.270
334	41	0.052
334	11	0.877
334	286	0.508
334	164	0.155
336	268	0.730
336	263	0.983
336	436	0.118
336	409	0.982
336	480	0.514
336	370	0.350
336	380	0.473
336	267	0.186
336	285	0.191
336	184	0.178
337	227	0.096
337	177	0.207
337	180	0.723
337	29	0.615
337	291	0.436
337	91	0.206
337	170	0.300
337	148	0.050
337	75	0.986
337	485	0.381
337	89	0.924
338	72	0.239
338	164	0.742
338	357	0.530
338	223	0.879
338	495	0.759
339	348	0.605
339	391	0.243
339	406	0.426
339	408	0.446
339	233	0.666
340	491	0.495
340	351	0.302
340	321	0.216
340	380	0.395
341	253	0.065
341	71	0.910
341	248	0.658
341	6	0.203
341	289	0.150
341	356	0.716
341	189	0.186
341	358	0.047
342	327	0.072
342	43	0.621
342	219	0.440
342	24	0.830
342	17	0.059
342	148	0.297
342	276	0.852
342	38	0.656
342	169	0.449
342	402	0.535
344	94	0.550
344	393	0.321
344	152	0.312
344	347	0.915
345	216	0.888
345	492	0.059
345	230	0.088
345	20	0.054
345	18	0.211
345	42	0.895
345	169	0.432
345	490	0.637
345	34	0.118
345	369	0.520
345	401	0.710
346	155	0.508
346	28	0.831
346	16	0.461
346	344	0.627
346	333	0.570
346	116	0.817
346	398	0.320
346	249	0.980
346	87	0.760
346	330	0.054
346	154	0.428
347	260	0.931
347	296	0.762
347	465	0.321
347	451	0.604
347	341	0.959
347	429	0.987
347	362	0.703
347	436	0.676
348	54	0.398
348	84	0.632
348	192	0.016
350	174	0.589
350	343	0.280
350	28	0.536
350	315	0.326
350	200	0.818
350	497	0.749
350	43	0.438
350	100	0.526
350	454	0.146
351	472	0.073
351	274	0.403
351	88	0.697
353	240	0.258
354	474	0.522
354	460	0.139
354	53	0.463
354	89	0.789
354	190	0.850
354	74	0.681
354	192	0.824
354	128	0.714
354	86	0.865
354	346	0.704
355	47	0.258
355	154	0.865
355	74	0.721
355	201	0.763
355	382	0.819
355	110	0.514
355	489	0.802
355	286	0.614
356	286	0.663
356	121	0.134
357	163	0.692
357	295	0.823
358	247	0.078
358	95	0.375
358	394	0.346
358	487	0.289
358	203	0.715
358	409	0.382
358	291	0.013
359	296	0.639
359	25	0.576
359	182	0.852
359	322	0.191
359	111	0.392
359	313	0.649
359	445	0.380
359	61	0.927
359	308	0.185
359	298	0.427
360	230	0.823
360	396	0.773
360	439	0.008
361	265	0.151
361	351	0.369
361	97	0.746
361	35	0.983
361	282	0.647
361	136	0.690
361	498	0.580
361	245	0.969
361	154	0.456
362	443	0.668
362	68	0.141
363	49	0.240
363	411	0.869
363	115	0.422
363	315	0.617
363	366	0.470
363	344	0.490
363	392	0.568
363	298	0.223
363	231	0.306
363	169	0.918
363	338	0.369
363	357	0.057
363	352	0.334
363	101	0.145
364	348	0.799
364	336	0.574
364	24	0.615
364	435	0.596
364	170	0.474
364	71	0.599
364	125	0.782
364	98	0.263
364	137	0.591
364	120	0.717
364	5	0.844
365	377	0.186
365	165	0.074
365	410	0.892
365	425	0.495
365	151	0.952
365	94	0.744
365	491	0.365
365	484	0.275
366	339	0.820
366	34	0.099
366	410	0.188
367	465	0.552
367	67	0.884
367	165	0.691
367	65	0.570
367	277	0.718
367	69	0.518
368	93	0.247
368	63	0.709
368	304	0.781
368	491	0.913
368	60	0.019
368	419	0.674
368	149	0.648
368	135	0.933
368	484	0.653
368	499	0.588
368	325	0.568
368	174	0.408
368	318	0.948
368	333	0.063
369	237	0.723
369	444	0.551
369	146	0.366
369	214	0.005
369	52	0.690
370	31	0.017
370	492	0.142
370	104	0.362
370	317	0.666
370	143	0.541
371	51	0.773
371	214	0.987
371	251	0.830
371	18	0.342
371	466	0.786
371	479	0.692
371	265	0.086
371	273	0.184
371	225	0.431
371	468	0.332
371	296	0.005
371	391	0.724
371	444	0.243
373	66	0.526
373	28	0.616
373	304	0.578
373	246	0.209
374	49	0.033
374	242	0.337
374	174	0.061
375	483	0.299
375	97	0.336
375	108	0.744
375	10	0.136
375	455	0.841
375	17	0.612
375	438	0.411
375	131	0.206
375	208	0.283
376	444	0.436
376	203	0.127
376	247	0.032
376	226	0.349
376	416	0.569
376	333	0.364
376	64	0.946
376	453	0.718
376	330	0.332
376	387	0.021
376	475	0.590
376	263	0.548
377	303	0.514
377	455	0.856
377	186	0.090
377	330	0.742
377	59	0.148
377	453	0.404
377	192	0.601
378	158	0.348
378	67	0.199
378	312	0.634
378	89	0.434
378	326	0.545
378	299	0.845
378	430	0.647
378	199	0.214
378	424	0.499
378	269	0.853
378	442	0.116
378	27	0.201
378	432	0.455
379	470	0.866
379	394	0.169
379	218	0.161
379	180	0.091
379	338	0.094
379	53	0.536
379	302	0.322
379	283	0.944
379	455	0.694
379	153	0.310
379	425	0.483
379	166	0.121
379	342	0.787
380	202	0.631
380	319	0.760
380	246	0.036
380	397	0.364
380	363	0.643
380	96	0.018
380	32	0.381
380	427	0.756
380	257	0.144
380	142	0.966
380	173	0.391
380	272	0.938
380	148	0.187
380	388	0.543
381	190	0.456
381	121	0.600
381	473	0.536
381	271	0.842
381	398	0.070
381	468	0.748
381	113	0.586
381	251	0.121
382	428	0.812
382	187	0.580
382	276	0.039
382	158	0.735
382	339	0.805
382	42	0.347
382	301	0.036
382	213	0.024
384	128	0.620
384	304	0.369
384	418	0.525
384	230	0.094
384	223	0.511
384	385	0.516
384	319	0.544
384	92	0.551
384	286	0.876
384	262	0.806
384	415	0.265
384	193	0.957
384	226	0.323
384	65	0.413
384	307	0.863
385	182	0.463
385	302	0.548
385	250	0.202
385	372	0.254
385	13	0.394
385	356	0.445
385	87	0.795
386	445	0.994
386	400	0.253
386	245	0.112
386	341	0.498
386	422	0.072
386	195	0.957
386	126	0.037
386	312	0.341
386	164	0.913
386	127	0.378
386	167	0.423
386	470	0.656
386	78	0.240
387	64	0.635
387	35	0.994
387	195	0.641
387	249	0.999
387	122	0.786
387	227	0.975
387	53	0.208
387	218	0.595
387	234	0.199
387	489	0.191
387	478	0.751
387	196	0.563
387	299	0.288
387	277	0.257
387	226	0.942
388	192	0.176
388	373	0.114
388	440	0.980
388	5	0.727
388	165	0.118
389	492	0.164
389	133	0.700
389	163	0.015
389	70	0.171
389	124	0.597
389	132	0.412
389	356	0.181
389	14	0.218
389	246	0.167
389	74	0.776
389	260	0.802
389	47	0.048
389	290	0.264
389	193	0.116
389	49	0.773
390	386	0.369
390	149	0.093
390	283	0.276
390	377	0.677
390	219	0.470
390	114	0.129
391	493	0.976
391	344	0.861
391	250	0.383
391	319	0.789
391	392	0.023
391	471	0.403
391	211	0.311
391	495	0.502
391	253	0.949
391	370	0.851
391	451	0.532
391	169	0.282
392	112	0.787
392	353	0.807
392	193	0.232
392	431	0.871
392	177	0.269
392	270	0.248
392	212	0.018
392	450	0.764
392	92	0.801
393	406	0.975
393	483	0.284
393	134	0.229
393	392	0.368
394	424	0.336
394	492	0.147
394	274	0.046
394	354	0.144
394	175	0.827
394	238	0.148
394	395	0.086
394	400	0.002
394	75	0.904
394	137	0.808
394	130	0.844
394	475	0.681
395	264	0.339
395	33	0.628
395	195	0.192
395	40	0.186
395	96	0.364
395	105	0.989
395	37	0.508
395	338	0.745
395	378	0.559
395	376	0.519
397	313	0.488
397	387	0.931
397	35	0.139
397	356	0.114
397	132	0.179
397	451	0.765
397	295	0.263
397	360	0.219
397	71	0.202
397	372	0.519
397	482	0.462
397	215	0.750
397	386	0.646
398	441	0.988
398	62	0.901
399	245	0.131
399	130	0.044
399	169	0.458
399	208	0.956
400	181	0.546
400	197	0.444
401	465	0.916
401	267	0.606
401	0	0.246
401	494	0.216
401	379	0.467
401	345	0.529
402	139	0.922
403	69	0.644
404	76	0.704
404	381	0.950
404	331	0.515
404	31	0.790
404	412	0.224
404	417	0.874
404	220	0.660
404	97	0.086
404	231	0.297
405	140	0.760
405	1	0.183
405	101	0.481
405	225	0.855
405	202	0.384
406	298	0.081
406	81	0.107
406	238	0.230
406	50	0.798
406	377	0.348
406	186	0.704
406	331	0.080
406	442	0.160
406	265	0.953
406	440	0.642
406	315	0.315
406	229	0.924
407	50	0.689
407	14	0.516
407	439	0.348
407	346	0.730
407	466	0.126
407	234	0.451
407	390	0.740
407	386	0.130
407	316	0.632
407	199	0.877
407	398	0.743
407	44	0.832
408	225	0.668
408	274	0.953
408	439	0.207
408	72	0.756
408	342	0.403
408	18	0.583
408	441	0.085
408	127	0.772
408	215	0.359
408	364	0.004
408	196	0.379
408	142	0.922
409	306	0.135
409	195	0.551
409	272	0.635
409	467	0.831
410	292	0.391
410	409	0.155
410	466	0.863
410	317	0.399
410	12	0.844
411	352	0.013
412	366	0.277
412	441	0.705
412	19	0.328
413	196	0.882
413	46	0.680
413	291	0.399
415	108	0.863
415	9	0.543
415	7	0.611
415	397	0.848
415	111	0.990
415	186	0.699
415	355	0.583
415	458	0.234
415	439	0.021
415	189	0.008
415	49	0.749
415	120	0.256
415	200	0.956
416	412	0.750
416	383	0.169
416	14	0.488
416	233	0.301
416	372	0.524
416	90	0.618
416	237	0.383
416	476	0.353
416	23	0.495
416	330	0.281
416	398	0.016
416	221	0.283
416	428	0.023
417	436	0.167
417	69	0.841
417	75	0.363
417	262	0.876
417	113	0.596
417	344	0.276
417	464	0.606
417	391	0.974
417	204	0.113
417	414	0.495
417	218	0.674
418	370	0.222
418	357	0.365
418	292	0.093
418	159	0.169
418	479	0.776
418	372	0.514
418	242	0.755
418	165	0.531
418	33	0.977
418	318	0.211
418	20	0.161
418	95	0.362
418	322	0.118
419	212	0.576
419	379	0.821
419	365	0.383
420	391	0.187
420	115	0.920
420	240	0.440
420	207	0.842
420	151	0.282
420	279	0.830
420	49	0.427
420	52	0.050
420	260	0.826
420	46	0.558
420	305	0.369
420	328	0.034
420	152	0.164
420	459	0.077
421	282	0.186
422	472	0.817
422	217	0.272
422	323	0.430
422	32	0.111
422	167	0.425
422	418	0.178
423	90	0.713
423	281	0.921
423	443	0.038
423	495	0.683
423	280	0.150
423	105	0.588
423	86	0.016
423	301	0.327
423	325	0.953
423	306	0.912
423	243	0.839
424	310	0.142
424	232	0.822
424	230	0.780
424	421	0.690
424	236	0.615
424	187	0.971
424	30	0.771
424	351	0.920
424	417	0.686
424	15	0.147
424	102	0.968
425	43	0.011
425	39	0.107
425	1	0.044
425	194	0.260
425	357	0.238
425	484	0.469
426	304	0.921
426	366	0.056
426	399	0.186
426	186	0.192
426	105	0.565
426	172	0.913
426	124	0.083
426	171	0.709
426	97	0.965
426	57	0.145
426	273	0.181
427	146	0.464
427	495	0.505
427	440	0.137
427	455	0.211
427	286	0.444
428	216	0.718
428	148	0.026
428	42	0.965
428	219	0.013
429	207	0.277
430	435	0.311
430	262	0.223
430	283	0.851
430	32	0.209
430	325	0.408
430	215	0.615
430	226	0.269
430	395	0.051
431	24	0.062
431	283	0.029
431	43	0.113
431	112	0.531
431	232	0.606
432	329	0.770
432	43	0.352
432	495	0.337
432	200	0.461
432	224	0.561
432	187	0.228
432	136	0.738
432	484	0.237
432	188	0.068
432	394	0.280
432	238	0.684
433	159	0.402
433	494	0.521
433	183	0.158
433	84	0.611
433	270	0.273
433	243	0.566
433	373	0.778
433	412	0.820
433	151	0.046
433	2	0.174
433	144	0.335
433	312	0.726
433	285	0.522
433	246	0.356
434	499	0.238
434	2	0.860
434	58	0.384
434	381	0.322
435	483	0.889
435	186	0.895
435	385	0.477
435	205	0.373
435	194	0.391
435	395	0.739
435	305	0.522
435	418	0.410
435	50	0.111
435	188	0.925
435	462	0.141
435	344	0.964
435	111	0.309
436	282	0.318
436	70	0.275
436	217	0.531
436	80	1.000
436	330	0.281
436	429	0.368
437	196	0.386
437	66	0.768
437	46	0.549
437	184	0.455
437	440	0.656
437	15	0.496
437	154	0.239
437	348	0.373
437	357	0.470
438	170	0.133
438	177	0.015
438	397	0.925
438	212	0.333
438	292	0.158
438	341	0.079
439	191	0.053
439	356	0.247
439	141	0.426
439	173	0.985
439	297	0.640
439	169	0.339
439	400	0.471
439	322	0.645
439	200	0.731
439	101	0.890
439	461	0.102
440	45	0.473
440	105	0.846
440	252	0.295
440	376	0.784
440	357	0.764
440	86	0.345
440	211	0.219
441	183	0.487
441	142	0.964
441	306	0.328
441	329	0.914
441	31	0.350
441	439	0.117
441	489	0.391
441	123	0.904
441	248	0.597
442	36	0.262
442	144	0.855
442	430	0.105
442	268	0.721
442	437	0.773
442	96	0.467
442	75	0.554
442	45	0.141
442	135	0.978
442	468	0.393
442	337	0.875
442	92	0.221
442	435	0.761
443	38	0.209
443	455	0.034
443	272	0.332
443	251	0.283
443	21	0.189
443	446	0.693
443	201	0.690
443	216	0.861
443	356	0.731
443	118	0.493
443	245	0.316
443	473	0.305
443	79	0.927
444	107	0.757
444	70	0.875
444	358	0.020
444	363	0.781
444	54	0.283
444	42	0.879
444	3	0.126
444	482	0.328
444	76	0.343
444	430	0.454
444	77	0.592
444	150	0.853
444	58	0.036
445	117	0.573
445	202	0.175
445	239	0.341
445	70	0.909
445	282	0.063
445	381	0.026
445	477	0.319
445	39	0.440
445	262	0.109
446	181	0.264
446	220	0.139
446	453	0.913
446	244	0.773
446	234	0.112
446	267	0.348
446	101	0.828
446	225	0.762
446	399	0.632
446	22	0.650
446	89	0.866
447	394	0.364
447	428	0.983
447	131	0.022
447	51	0.569
447	116	0.656
447	414	0.989
447	190	0.427
447	169	0.476
447	146	0.922
447	203	0.141
447	300	0.977
447	148	0.046
447	99	0.822
447	47	0.364
448	206	0.743
448	121	0.333
448	394	0.512
448	273	0.851
448	356	0.740
448	70	0.788
448	312	0.280
448	372	0.823
448	82	0.473
448	344	0.136
448	74	0.472
449	280	0.850
450	468	0.408
450	470	0.896
450	60	0.799
450	105	0.461
450	112	0.586
450	236	0.842
451	86	0.654
451	108	0.060
452	101	0.091
454	158	0.266
454	336	0.067
454	202	0.298
454	176	0.836
454	240	0.742
454	249	0.457
454	402	0.048
454	206	0.311
454	126	0.221
454	28	0.162
454	153	0.196
454	138	0.728
455	209	0.987
455	390	0.389
455	154	0.649
455	492	0.087
455	68	0.213
455	360	0.929
455	145	0.362
456	61	0.158
456	240	0.683
456	272	0.530
456	166	0.039
456	237	0.039
457	397	0.741
457	70	0.088
457	151	0.865
457	8	0.213
457	463	0.392
457	75	0.230
457	71	0.502
457	239	0.841
457	201	0.685
457	225	0.086
458	354	0.830
458	417	0.555
458	253	0.957
458	319	0.510
458	436	0.307
458	153	0.874
458	246	0.427
458	167	0.178
458	210	0.109
458	403	0.041
458	425	0.854
459	235	0.412
459	300	0.297
459	337	0.200
459	446	0.089
459	217	0.419
459	381	0.472
459	255	0.809
460	225	0.367
460	3	0.066
460	404	0.793
460	302	0.509
460	262	0.566
460	484	0.823
460	463	0.434
460	380	0.895
460	6	0.091
461	29	0.057
461	361	0.957
461	22	0.686
461	473	0.047
461	49	0.613
461	327	0.647
461	91	0.543
461	185	0.676
461	191	0.162
461	84	0.905
461	342	0.702
461	81	0.361
462	143	0.843
462	348	0.134
462	94	0.210
462	227	0.573
463	434	0.637
463	381	0.989
464	81	0.826
464	311	0.330
464	295	0.182
464	10	0.346
464	476	0.496
464	342	0.092
464	340	0.484
464	471	0.593
464	183	0.148
464	453	0.867
465	56	0.897
465	117	0.737
465	398	0.471
465	123	0.893
465	37	0.625
465	307	0.467
465	466	0.364
465	372	0.796
466	290	0.047
466	435	0.667
466	56	0.166
466	57	0.912
466	463	0.714
466	378	0.753
467	418	0.084
467	368	0.592
467	94	0.219
467	224	0.646
467	257	0.010
467	48	0.733
467	494	0.348
467	239	0.592
467	6	0.469
468	149	0.846
468	403	0.573
468	401	0.849
468	286	0.989
469	310	0.494
469	158	0.953
469	232	0.134
469	71	0.743
469	15	0.732
469	161	0.668
469	412	0.817
469	101	0.198
470	354	0.928
470	299	0.423
470	222	0.703
470	334	0.114
470	469	0.194
470	20	0.137
470	274	0.830
470	442	0.186
471	344	0.755
471	427	0.792
472	99	0.616
472	274	0.081
472	18	0.847
472	223	0.142
472	471	0.030
472	355	0.110
472	488	0.927
472	144	0.052
473	497	0.429
473	258	0.930
473	197	0.282
474	30	0.769
474	369	0.092
474	73	0.369
474	416	0.632
474	216	0.223
474	53	0.289
474	94	0.752
474	114	0.664
474	344	0.064
474	214	0.159
474	86	0.095
474	453	0.205
474	319	0.783
475	37	0.476
475	12	0.604
475	213	0.451
475	165	0.824
475	463	0.609
475	356	0.685
475	415	0.672
475	297	0.143
475	101	0.958
475	105	0.827
475	84	0.525
476	416	0.968
477	97	0.918
477	219	0.596
477	102	0.819
477	379	0.334
477	156	0.797
477	489	0.908
477	252	0.938
477	438	0.411
479	78	0.851
479	115	0.772
479	430	0.581
479	247	0.901
479	68	0.660
479	52	0.219
480	128	0.468
480	444	0.357
480	203	0.997
481	282	0.285
482	240	0.688
482	361	0.175
483	90	0.865
483	305	0.523
484	339	0.125
484	333	0.013
484	293	0.029
484	424	0.403
484	281	0.181
484	499	0.956
485	36	0.067
485	206	0.492
485	226	0.988
485	113	0.796
485	63	0.791
485	494	0.082
485	397	0.354
485	286	0.916
485	471	0.446
485	292	0.603
485	394	0.010
485	24	0.199
485	144	0.066
485	43	0.367
487	229	0.379
487	213	0.705
487	235	0.268
487	496	0.100
488	258	0.580
488	190	0.530
488	354	0.795
488	199	0.751
488	105	0.698
488	335	0.834
488	179	0.898
488	132	0.614
488	283	0.188
488	185	0.367
488	220	0.930
489	22	0.312
490	428	0.487
490	268	0.551
490	124	0.600
490	285	0.270
490	22	0.169
490	34	0.289
490	52	0.017
491	316	0.096
491	336	0.971
491	151	0.003
492	335	0.253
492	122	0.093
492	101	0.315
492	176	0.459
492	0	0.995
492	214	0.446
492	55	0.212
492	6	0.586
492	43	0.104
493	110	0.800
493	10	0.534
493	94	0.463
493	343	0.713
493	295	0.011
493	147	0.992
493	103	0.484
493	18	0.319
493	334	0.189
494	234	0.380
495	337	0.485
495	272	0.699
495	49	0.430
495	208	0.986
496	435	0.960
496	206	0.568
496	257	0.755
497	168	0.545
497	426	0.104
497	58	0.522
497	364	0.386
497	395	0.115
498	183	0.597
498	302	0.201
498	342	0.751
499	316	0.029
499	259	0.943
499	464	0.020
499	85	0.324
499	178	0.232
499	393	0.405
499	133	0.825
499	102	0.815
499	280	0.677
499	364	0.995
499	474	0.824
499	192	0.034
