1000
1 0
2 0
2 1
3 1
3 2
4 1
4 2
5 1
5 4
6 0
6 1
7 1
7 2
8 0
8 3
9 4
9 6
10 0
10 5
11 4
11 5
12 4
12 10
13 3
13 6
14 0
14 12
15 0
15 2
16 9
16 10
17 8
17 16
18 5
18 16
19 4
19 18
20 4
20 15
21 1
21 12
22 11
22 16
23 12
23 15
24 1
24 11
25 5
25 12
26 10
26 12
27 5
27 15
28 12
28 18
29 12
29 28
30 1
30 28
31 1
31 30
32 1
32 6
33 15
33 30
34 12
34 30
35 19
35 33
36 3
36 5
37 0
37 13
38 1
38 12
39 28
39 36
40 0
40 16
41 4
41 5
42 4
42 37
43 9
43 20
44 5
44 9
45 5
45 18
46 6
46 12
47 1
47 8
48 10
48 31
49 10
49 36
50 1
50 46
51 20
51 48
52 31
52 48
53 4
53 46
54 15
54 36
55 8
55 20
56 4
56 19
57 10
57 15
58 0
58 40
59 8
59 36
60 16
60 28
61 12
61 19
62 45
62 51
63 15
63 62
64 1
64 10
65 13
65 55
66 47
66 62
67 40
67 56
68 37
68 45
69 2
69 10
70 13
70 15
71 13
71 59
72 16
72 17
73 13
73 30
74 0
74 36
75 28
75 62
76 12
76 13
77 12
77 14
78 3
78 5
79 18
79 67
80 15
80 48
81 3
81 13
82 3
82 10
83 19
83 44
84 0
84 74
85 20
85 37
86 1
86 23
87 18
87 74
88 11
88 22
89 10
89 36
90 8
90 55
91 5
91 25
92 0
92 48
93 15
93 70
94 36
94 64
95 12
95 19
96 2
96 74
97 24
97 30
98 68
98 94
99 11
99 15
100 18
100 30
101 43
101 46
102 48
102 81
103 57
103 90
104 0
104 102
105 45
105 67
106 30
106 39
107 15
107 36
108 13
108 31
109 47
109 68
110 48
110 99
111 20
111 59
112 13
112 62
113 43
113 82
114 48
114 78
115 10
115 40
116 46
116 107
117 47
117 94
118 13
118 17
119 16
119 81
120 100
120 102
121 33
121 112
122 15
122 102
123 5
123 13
124 15
124 16
125 100
125 123
126 56
126 70
127 18
127 125
128 19
128 30
129 25
129 112
130 28
130 112
131 82
131 117
132 24
132 113
133 22
133 107
134 26
134 84
135 16
135 99
136 45
136 96
137 48
137 81
138 104
138 135
139 1
139 16
140 39
140 84
141 28
141 112
142 3
142 99
143 112
143 128
144 102
144 118
145 1
145 26
146 33
146 70
147 4
147 73
148 25
148 67
149 43
149 74
150 67
150 78
151 30
151 98
152 2
152 148
153 46
153 67
154 61
154 87
155 43
155 121
156 0
156 28
157 0
157 67
158 0
158 90
159 0
159 61
160 59
160 66
161 37
161 43
162 48
162 98
163 98
163 100
164 87
164 119
165 62
165 98
166 16
166 61
167 4
167 117
168 45
168 99
169 53
169 84
170 19
170 28
171 37
171 123
172 26
172 53
173 31
173 133
174 5
174 17
175 18
175 153
176 14
176 128
177 2
177 19
178 83
178 169
179 5
179 175
180 51
180 123
181 52
181 170
182 75
182 159
183 153
183 169
184 2
184 123
185 1
185 55
186 59
186 119
187 55
187 134
188 8
188 70
189 6
189 51
190 14
190 112
191 1
191 179
192 74
192 117
193 107
193 179
194 84
194 117
195 155
195 192
196 36
196 116
197 79
197 172
198 1
198 179
199 63
199 123
200 17
200 43
201 39
201 46
202 18
202 196
203 112
203 140
204 14
204 129
205 23
205 200
206 4
206 33
207 12
207 23
208 66
208 133
209 30
209 67
210 12
210 52
211 59
211 117
212 3
212 84
213 7
213 172
214 99
214 119
215 11
215 148
216 31
216 47
217 5
217 61
218 48
218 140
219 99
219 190
220 84
220 118
221 22
221 109
222 70
222 129
223 172
223 196
224 57
224 166
225 61
225 104
226 57
226 62
227 6
227 100
228 26
228 219
229 87
229 109
230 118
230 153
231 64
231 117
232 0
232 129
233 18
233 59
234 59
234 99
235 43
235 102
236 24
236 83
237 62
237 102
238 165
238 190
239 61
239 174
240 8
240 159
241 4
241 123
242 26
242 73
243 44
243 53
244 12
244 18
245 125
245 178
246 15
246 159
247 39
247 40
248 18
248 179
249 28
249 78
250 11
250 66
251 52
251 122
252 17
252 63
253 9
253 12
254 24
254 237
255 87
255 106
256 9
256 147
257 133
257 169
258 65
258 200
259 0
259 110
260 84
260 117
261 94
261 169
262 40
262 107
263 84
263 124
264 65
264 174
265 17
265 195
266 18
266 33
267 65
267 128
268 140
268 186
269 26
269 260
270 169
270 236
271 61
271 81
272 3
272 81
273 26
273 102
274 192
274 261
275 98
275 217
276 10
276 182
277 159
277 195
278 74
278 198
279 68
279 121
280 17
280 59
281 9
281 192
282 107
282 257
283 45
283 109
284 195
284 235
285 152
285 196
286 66
286 183
287 26
287 43
288 7
288 242
289 147
289 236
290 3
290 66
291 4
291 285
292 131
292 262
293 218
293 252
294 138
294 183
295 13
295 55
296 82
296 190
297 174
297 239
298 103
298 268
299 26
299 40
300 148
300 194
301 23
301 134
302 26
302 299
303 31
303 95
304 74
304 236
305 74
305 111
306 2
306 192
307 10
307 237
308 61
308 267
309 70
309 196
310 55
310 71
311 11
311 116
312 111
312 124
313 6
313 112
314 64
314 66
315 153
315 237
316 267
316 285
317 45
317 293
318 198
318 228
319 81
319 252
320 100
320 113
321 65
321 191
322 12
322 156
323 68
323 102
324 57
324 134
325 104
325 170
326 105
326 265
327 105
327 124
328 61
328 300
329 13
329 149
330 88
330 189
331 124
331 152
332 12
332 262
333 2
333 25
334 11
334 135
335 30
335 136
336 166
336 219
337 75
337 218
338 13
338 107
339 59
339 124
340 105
340 330
341 52
341 152
342 224
342 235
343 40
343 128
344 18
344 236
345 118
345 137
346 3
346 195
347 8
347 123
348 252
348 289
349 95
349 282
350 5
350 125
351 26
351 252
352 4
352 57
353 78
353 103
354 49
354 159
355 16
355 194
356 26
356 100
357 107
357 190
358 75
358 217
359 123
359 195
360 169
360 235
361 60
361 154
362 292
362 297
363 112
363 140
364 224
364 311
365 28
365 43
366 192
366 338
367 43
367 338
368 22
368 102
369 167
369 290
370 46
370 279
371 78
371 239
372 113
372 186
373 16
373 26
374 66
374 138
375 126
375 279
376 113
376 164
377 18
377 333
378 4
378 8
379 113
379 131
380 22
380 33
381 88
381 254
382 95
382 131
383 45
383 201
384 116
384 166
385 122
385 297
386 31
386 329
387 44
387 73
388 169
388 282
389 194
389 228
390 16
390 307
391 153
391 206
392 82
392 103
393 37
393 43
394 137
394 209
395 179
395 381
396 75
396 149
397 164
397 166
398 53
398 175
399 23
399 81
400 146
400 229
401 47
401 67
402 134
402 180
403 49
403 268
404 5
404 214
405 48
405 57
406 37
406 301
407 99
407 102
408 109
408 211
409 4
409 239
410 70
410 152
411 134
411 239
412 40
412 326
413 73
413 183
414 45
414 116
415 200
415 261
416 215
416 397
417 30
417 125
418 82
418 413
419 87
419 292
420 53
420 259
421 29
421 261
422 242
422 390
423 23
423 262
424 0
424 14
425 19
425 67
426 0
426 105
427 265
427 300
428 117
428 193
429 100
429 155
430 2
430 83
431 277
431 416
432 8
432 125
433 65
433 138
434 90
434 116
435 261
435 422
436 14
436 138
437 86
437 310
438 136
438 167
439 146
439 330
440 73
440 118
441 31
441 306
442 72
442 324
443 77
443 417
444 83
444 290
445 41
445 211
446 200
446 316
447 40
447 59
448 165
448 426
449 232
449 333
450 62
450 429
451 19
451 136
452 74
452 238
453 134
453 166
454 51
454 229
455 191
455 330
456 6
456 175
457 413
457 439
458 54
458 149
459 60
459 87
460 269
460 346
461 111
461 401
462 149
462 177
463 211
463 222
464 28
464 55
465 1
465 191
466 169
466 293
467 98
467 374
468 22
468 170
469 121
469 215
470 56
470 109
471 56
471 67
472 83
472 330
473 297
473 451
474 213
474 443
475 28
475 199
476 71
476 127
477 8
477 362
478 127
478 241
479 1
479 252
480 159
480 263
481 123
481 236
482 327
482 329
483 178
483 238
484 25
484 418
485 256
485 450
486 119
486 173
487 222
487 467
488 59
488 96
489 0
489 100
490 236
490 254
491 90
491 200
492 5
492 124
493 125
493 169
494 25
494 459
495 76
495 195
496 45
496 465
497 46
497 452
498 52
498 184
499 8
499 149
500 31
500 140
501 229
501 244
502 32
502 169
503 307
503 318
504 63
504 291
505 202
505 293
506 149
506 177
507 0
507 254
508 172
508 324
509 413
509 484
510 159
510 312
511 178
511 315
512 19
512 53
513 105
513 475
514 257
514 310
515 7
515 315
516 10
516 254
517 3
517 100
518 374
518 507
519 0
519 39
520 131
520 436
521 16
521 333
522 180
522 308
523 87
523 450
524 14
524 168
525 127
525 448
526 241
526 450
527 147
527 380
528 186
528 361
529 33
529 297
530 33
530 526
531 59
531 78
532 17
532 318
533 240
533 295
534 19
534 88
535 172
535 304
536 60
536 310
537 76
537 465
538 496
538 507
539 13
539 189
540 153
540 285
541 111
541 268
542 314
542 329
543 10
543 31
544 299
544 380
545 112
545 167
546 56
546 182
547 134
547 153
548 30
548 105
549 241
549 520
550 1
550 94
551 18
551 256
552 17
552 67
553 43
553 81
554 425
554 528
555 32
555 209
556 22
556 324
557 99
557 501
558 5
558 277
559 184
559 299
560 167
560 397
561 121
561 507
562 242
562 277
563 166
563 426
564 112
564 238
565 103
565 459
566 85
566 110
567 16
567 285
568 19
568 241
569 63
569 128
570 65
570 102
571 127
571 180
572 152
572 380
573 31
573 526
574 39
574 225
575 184
575 333
576 232
576 259
577 129
577 259
578 374
578 457
579 16
579 24
580 181
580 295
581 76
581 436
582 2
582 485
583 125
583 528
584 71
584 95
585 100
585 256
586 198
586 531
587 241
587 318
588 1
588 544
589 61
589 413
590 5
590 52
591 65
591 277
592 19
592 119
593 279
593 450
594 101
594 196
595 184
595 519
596 265
596 536
597 32
597 44
598 37
598 51
599 155
599 166
600 4
600 289
601 479
601 566
602 0
602 186
603 181
603 519
604 206
604 598
605 128
605 238
606 237
606 493
607 244
607 317
608 106
608 265
609 273
609 546
610 140
610 573
611 109
611 215
612 295
612 314
613 330
613 582
614 43
614 544
615 29
615 349
616 119
616 467
617 9
617 29
618 99
618 297
619 11
619 64
620 76
620 467
621 116
621 451
622 416
622 603
623 72
623 476
624 134
624 544
625 230
625 342
626 3
626 20
627 181
627 542
628 48
628 317
629 374
629 423
630 199
630 525
631 339
631 564
632 290
632 536
633 163
633 311
634 332
634 557
635 154
635 628
636 141
636 479
637 58
637 463
638 136
638 573
639 1
639 236
640 31
640 232
641 311
641 526
642 43
642 268
643 67
643 110
644 152
644 358
645 349
645 542
646 24
646 476
647 146
647 437
648 77
648 199
649 237
649 327
650 183
650 485
651 90
651 128
652 35
652 571
653 298
653 316
654 41
654 225
655 116
655 595
656 12
656 254
657 374
657 418
658 465
658 498
659 32
659 42
660 25
660 172
661 241
661 289
662 71
662 269
663 12
663 158
664 10
664 226
665 22
665 127
666 110
666 457
667 443
667 474
668 84
668 94
669 221
669 566
670 236
670 572
671 76
671 175
672 213
672 436
673 215
673 339
674 308
674 424
675 163
675 476
676 22
676 65
677 56
677 581
678 460
678 528
679 408
679 412
680 222
680 469
681 326
681 497
682 403
682 473
683 205
683 581
684 0
684 431
685 163
685 167
686 293
686 479
687 237
687 467
688 122
688 596
689 217
689 244
690 174
690 642
691 102
691 318
692 160
692 557
693 103
693 218
694 112
694 213
695 157
695 161
696 367
696 382
697 111
697 295
698 60
698 222
699 306
699 440
700 3
700 139
701 55
701 168
702 391
702 568
703 296
703 363
704 261
704 630
705 244
705 676
706 242
706 475
707 186
707 670
708 517
708 629
709 97
709 215
710 161
710 464
711 530
711 670
712 566
712 603
713 18
713 393
714 105
714 273
715 170
715 315
716 427
716 631
717 134
717 514
718 338
718 595
719 11
719 642
720 140
720 279
721 264
721 631
722 624
722 689
723 141
723 721
724 54
724 196
725 109
725 163
726 94
726 297
727 291
727 497
728 8
728 193
729 15
729 109
730 359
730 434
731 43
731 497
732 30
732 147
733 18
733 25
734 229
734 324
735 21
735 63
736 224
736 244
737 364
737 578
738 152
738 393
739 33
739 59
740 63
740 64
741 317
741 408
742 349
742 492
743 23
743 444
744 125
744 184
745 16
745 81
746 299
746 356
747 13
747 65
748 194
748 289
749 70
749 598
750 384
750 591
751 149
751 620
752 63
752 326
753 542
753 547
754 40
754 379
755 24
755 221
756 75
756 401
757 46
757 152
758 31
758 256
759 110
759 259
760 166
760 449
761 652
761 684
762 146
762 462
763 161
763 412
764 235
764 404
765 46
765 223
766 75
766 92
767 101
767 220
768 165
768 397
769 35
769 475
770 429
770 595
771 61
771 105
772 126
772 191
773 619
773 754
774 499
774 514
775 476
775 579
776 413
776 670
777 267
777 339
778 221
778 694
779 24
779 306
780 62
780 113
781 66
781 479
782 26
782 236
783 46
783 202
784 157
784 211
785 62
785 267
786 196
786 417
787 235
787 382
788 224
788 764
789 7
789 542
790 204
790 293
791 57
791 615
792 54
792 783
793 407
793 577
794 474
794 650
795 80
795 118
796 638
796 661
797 76
797 379
798 39
798 379
799 110
799 517
800 123
800 272
801 428
801 474
802 166
802 480
803 183
803 324
804 215
804 316
805 15
805 482
806 268
806 566
807 156
807 338
808 409
808 424
809 44
809 431
810 544
810 625
811 7
811 401
812 528
812 545
813 290
813 631
814 19
814 125
815 380
815 757
816 1
816 237
817 190
817 372
818 104
818 506
819 577
819 687
820 434
820 653
821 227
821 470
822 99
822 498
823 1
823 505
824 498
824 692
825 39
825 760
826 306
826 577
827 234
827 270
828 352
828 630
829 183
829 449
830 568
830 737
831 323
831 576
832 86
832 200
833 212
833 610
834 183
834 454
835 182
835 311
836 52
836 798
837 300
837 825
838 13
838 118
839 214
839 252
840 126
840 236
841 29
841 309
842 112
842 520
843 32
843 178
844 175
844 422
845 557
845 581
846 133
846 269
847 363
847 689
848 212
848 729
849 85
849 272
850 31
850 158
851 46
851 358
852 638
852 656
853 119
853 209
854 237
854 729
855 470
855 479
856 15
856 362
857 27
857 164
858 77
858 80
859 6
859 495
860 299
860 533
861 425
861 476
862 146
862 460
863 412
863 778
864 76
864 480
865 88
865 375
866 102
866 852
867 273
867 372
868 40
868 333
869 61
869 629
870 429
870 803
871 380
871 436
872 468
872 796
873 225
873 743
874 72
874 252
875 22
875 113
876 136
876 797
877 238
877 482
878 253
878 374
879 110
879 123
880 106
880 340
881 594
881 793
882 6
882 237
883 44
883 58
884 429
884 576
885 381
885 539
886 253
886 451
887 520
887 764
888 129
888 450
889 283
889 429
890 40
890 539
891 474
891 563
892 22
892 177
893 307
893 497
894 13
894 54
895 51
895 448
896 531
896 594
897 81
897 600
898 99
898 492
899 68
899 375
900 765
900 818
901 393
901 724
902 701
902 704
903 55
903 528
904 218
904 451
905 235
905 771
906 44
906 753
907 460
907 757
908 501
908 835
909 55
909 629
910 54
910 753
911 23
911 181
912 27
912 771
913 74
913 201
914 293
914 440
915 375
915 692
916 29
916 189
917 349
917 752
918 295
918 330
919 595
919 839
920 530
920 547
921 49
921 451
922 96
922 101
923 236
923 643
924 149
924 557
925 320
925 642
926 184
926 467
927 514
927 803
928 131
928 200
929 99
929 473
930 205
930 794
931 713
931 769
932 198
932 253
933 37
933 403
934 506
934 595
935 217
935 485
936 122
936 603
937 497
937 502
938 147
938 161
939 133
939 300
940 253
940 404
941 28
941 615
942 224
942 457
943 123
943 202
944 359
944 391
945 53
945 84
946 6
946 638
947 46
947 417
948 268
948 324
949 94
949 724
950 200
950 704
951 215
951 757
952 496
952 692
953 55
953 441
954 200
954 765
955 199
955 555
956 56
956 267
957 282
957 433
958 225
958 278
959 103
959 407
960 152
960 600
961 47
961 794
962 676
962 874
963 33
963 856
964 422
964 737
965 5
965 213
966 33
966 332
967 195
967 661
968 52
968 481
969 49
969 238
970 137
970 631
971 431
971 512
972 6
972 511
973 335
973 471
974 308
974 629
975 57
975 364
976 451
976 783
977 181
977 360
978 298
978 898
979 169
979 629
980 56
980 189
981 22
981 297
982 210
982 297
983 551
983 798
984 496
984 850
985 61
985 617
986 118
986 311
987 210
987 374
988 196
988 263
989 677
989 732
990 70
990 99
991 806
991 852
992 120
992 615
993 23
993 24
994 90
994 454
995 14
995 539
996 162
996 295
997 375
997 801
998 496
998 828
999 73
999 147
